#! FIELDS time phi psi
#! SET min_phi -pi
#! SET max_phi pi
#! SET min_psi -pi
#! SET max_psi pi
 0.000000 -1.584156 -0.486444
 0.200000 -2.283621 -0.564346
 0.400000 -1.566792 -0.679252
 0.600000 -1.214997 -0.198490
 0.800000 -1.102053 -0.680319
 1.000000 -0.863947 -0.502595
 1.200000 -1.005199 -0.523564
 1.400000 -1.416304 -0.249829
 1.600000 -1.510585 0.581755
 1.800000 -1.344387 -0.133222
 2.000000 -1.126020 0.008825
 2.200000 -1.594453 0.464021
 2.400000 -1.662173 0.330537
 2.600000 -1.927302 0.299257
 2.800000 -1.751811 0.458553
 3.000000 -1.686880 -0.006153
 3.200000 -1.152893 0.030445
 3.400000 -1.272774 0.079947
 3.600000 -0.795606 -0.370375
 3.800000 -1.598821 -0.045101
 4.000000 -1.881207 -0.053814
 4.200000 -1.431622 0.341668
 4.400000 -1.801349 0.209210
 4.600000 -1.293130 -0.140961
 4.800000 -1.499283 0.606128
 5.000000 -1.377940 -0.028015
 5.200000 -1.672097 -0.325131
 5.400000 -1.130274 0.324886
 5.600000 -1.158073 -0.185589
 5.800000 -1.311835 0.077611
 6.000000 -1.306271 0.347307
 6.200000 -1.897694 0.069526
 6.400000 -1.328755 -0.203291
 6.600000 -1.257346 -0.177454
 6.800000 -1.767816 -0.281425
 7.000000 -1.389937 -0.448508
 7.200000 -1.241039 -0.627014
 7.400000 -2.133939 -0.244841
 7.600000 -2.012645 -0.127429
 7.800000 -1.190079 -0.199984
 8.000000 -1.619185 -0.084985
 8.200000 -1.235655 -0.328586
 8.400000 -1.382760 -0.318211
 8.600000 -1.723351 -0.439167
 8.800000 -0.985660 -0.469717
 9.000000 -1.841560 -0.541776
 9.200000 -2.167934 -0.127862
 9.400000 -2.142366 -0.238428
 9.600000 -2.062149 -0.479221
 9.800000 -2.166325 -0.313359
 10.000000 -1.840227 -0.152514
 10.200000 -1.421109 -0.550294
 10.400000 -1.989406 -0.143355
 10.600000 -2.265022 0.791277
 10.800000 -1.837576 0.420074
 11.000000 -1.570586 -0.236968
 11.200000 -1.291910 0.136003
 11.400000 -1.319420 0.587823
 11.600000 -1.635786 0.649142
 11.800000 -1.662305 0.632133
 12.000000 -1.577716 0.718542
 12.200000 -1.609274 0.621172
 12.400000 -1.535758 0.719073
 12.600000 -1.779016 0.599049
 12.800000 -1.810652 0.607465
 13.000000 -2.061308 0.734034
 13.200000 -2.057220 0.932736
 13.400000 -1.871201 0.632073
 13.600000 -2.108907 0.195340
 13.800000 -2.238173 0.054677
 14.000000 -2.272766 0.223726
 14.200000 -1.778759 -0.189837
 14.400000 -1.409436 -0.313325
 14.600000 -1.637089 0.158284
 14.800000 -1.460325 0.575847
 15.000000 -1.669407 0.572199
 15.200000 -1.147648 0.698664
 15.400000 -1.356004 0.912080
 15.600000 -1.349999 0.670820
 15.800000 -1.450112 0.557309
 16.000000 -1.467011 0.900022
 16.200000 -1.141614 0.270371
 16.400000 -1.541722 0.305936
 16.600000 -1.051134 0.215205
 16.800000 -1.403218 0.396676
 17.000000 -0.852488 0.084588
 17.200000 -1.579315 0.493122
 17.400000 -2.027382 0.833891
 17.600000 -1.310668 1.035639
 17.800000 -1.578030 0.842273
 18.000000 -1.458723 0.525134
 18.200000 -1.277572 0.825720
 18.400000 -2.065645 0.506986
 18.600000 -2.249507 0.453992
 18.800000 -2.181408 0.434110
 19.000000 -2.050592 0.449773
 19.200000 -1.695207 0.278998
 19.400000 -1.441864 0.378640
 19.600000 -1.799206 0.496252
 19.800000 -1.451828 -0.082812
 20.000000 -1.805588 -0.089096
 20.200000 -1.408842 -0.456890
 20.400000 -1.275897 -0.417584
 20.600000 -1.204281 -0.684170
 20.800000 -1.280096 -0.570111
 21.000000 -1.091069 -0.577347
 21.200000 -1.004214 -1.142486
 21.400000 -1.180118 -0.429141
 21.600000 -1.116115 -0.081929
 21.800000 -1.336981 -0.369740
 22.000000 -1.460757 -0.438832
 22.200000 -1.432410 -0.200154
 22.400000 -1.411134 0.007284
 22.600000 -1.156482 -0.364085
 22.800000 -1.751692 -0.325890
 23.000000 -1.638737 -0.183808
 23.200000 -1.266878 -0.312050
 23.400000 -1.555565 -0.419495
 23.600000 -1.065737 -0.454007
 23.800000 -1.437083 -0.313937
 24.000000 -1.493794 -0.568307
 24.200000 -1.283460 -0.244990
 24.400000 -1.075457 -0.723325
 24.600000 -1.438493 -0.670078
 24.800000 -1.208920 -0.482580
 25.000000 -1.274435 -0.214347
 25.200000 -1.301786 -0.592861
 25.400000 -1.247257 -0.257430
 25.600000 -1.548411 -0.550590
 25.800000 -1.352820 -0.453301
 26.000000 -0.955034 -0.588953
 26.200000 -1.703267 -0.525303
 26.400000 -1.414559 -0.475113
 26.600000 -1.109395 -0.424901
 26.800000 -1.406320 -0.242650
 27.000000 -1.224558 -0.374820
 27.200000 -1.209532 -0.081549
 27.400000 -1.622024 0.194831
 27.600000 -1.818660 0.508742
 27.800000 -2.374246 0.401991
 28.000000 -2.023165 0.022787
 28.200000 -1.847333 0.359583
 28.400000 -1.951806 0.250068
 28.600000 -2.755207 0.180352
 28.800000 -2.432621 0.536571
 29.000000 -1.824501 0.618183
 29.200000 -1.346604 0.257129
 29.400000 -1.600314 0.205438
 29.600000 -1.294448 -0.036672
 29.800000 -1.288739 0.283576
 30.000000 -1.353320 0.289718
 30.200000 -1.653002 0.019937
 30.400000 -1.181488 -0.145843
 30.600000 -1.235279 0.225493
 30.800000 -1.296514 0.023610
 31.000000 -0.936475 -0.604100
 31.200000 -1.508097 -0.572714
 31.400000 -1.450167 0.118410
 31.600000 -1.869995 -0.198214
 31.800000 -2.055877 -0.170102
 32.000000 -1.915542 -0.037602
 32.200000 -1.308683 0.222766
 32.400000 -1.635943 -0.012157
 32.600000 -2.510969 0.145798
 32.800000 -2.029440 -0.617583
 33.000000 -2.299764 -0.217891
 33.200000 -2.744010 -0.444474
 33.400000 -2.495378 -0.017521
 33.600000 -2.494734 -0.221938
 33.800000 -2.635652 -0.221281
 34.000000 -2.660465 -0.495215
 34.200000 -2.404007 -0.178546
 34.400000 -2.652749 -0.086297
 34.600000 -2.575489 0.416477
 34.800000 -2.478867 0.036958
 35.000000 -2.465686 0.059071
 35.200000 -2.517718 0.226908
 35.400000 -2.125815 -0.361164
 35.600000 -1.712370 -0.067066
 35.800000 -1.765653 0.079366
 36.000000 -1.948879 -0.393575
 36.200000 -2.223434 -0.618090
 36.400000 -2.103393 0.047350
 36.600000 -1.684412 0.093506
 36.800000 -1.180788 -0.082318
 37.000000 -1.357581 -0.014751
 37.200000 -1.419160 -0.046534
 37.400000 -1.336547 0.018856
 37.600000 -1.219309 0.140210
 37.800000 -1.357121 0.284407
 38.000000 -1.495113 -0.104615
 38.200000 -1.639903 0.190679
 38.400000 -1.707283 0.281558
 38.600000 -1.557982 0.230121
 38.800000 -1.664904 0.293662
 39.000000 -1.427898 0.901514
 39.200000 -1.419145 0.540014
 39.400000 -1.676901 0.228413
 39.600000 -1.830891 0.657156
 39.800000 -2.436149 0.520155
 40.000000 -2.353631 0.334390
 40.200000 -2.181699 0.188899
 40.400000 -2.658601 0.788978
 40.600000 -2.328100 0.982026
 40.800000 -2.407145 0.202782
 41.000000 -2.353876 0.099556
 41.200000 -1.709648 0.324838
 41.400000 -1.196128 -0.208057
 41.600000 -1.325010 0.333499
 41.800000 -1.501189 0.864989
 42.000000 -1.353927 0.012423
 42.200000 -1.660052 0.371616
 42.400000 -1.351175 0.421732
 42.600000 -1.464255 0.442837
 42.800000 -1.380908 1.049667
 43.000000 -1.310159 0.407326
 43.200000 -1.208831 0.959885
 43.400000 -1.887076 0.671002
 43.600000 -1.059774 0.504120
 43.800000 -1.297385 0.814352
 44.000000 -1.231146 0.955061
 44.200000 -1.680841 1.067929
 44.400000 -1.303170 0.592898
 44.600000 -1.586958 0.079944
 44.800000 -1.297219 0.529697
 45.000000 -1.406852 0.090999
 45.200000 -1.412555 -0.239230
 45.400000 -1.268974 -0.464703
 45.600000 -1.341586 -0.685677
 45.800000 -1.020728 -0.701571
 46.000000 -1.375330 -0.679644
 46.200000 -0.842807 -0.700044
 46.400000 -1.059806 -0.246587
 46.600000 -1.030929 -0.151935
 46.800000 -1.049609 -0.139911
 47.000000 -1.167520 0.211610
 47.200000 -1.438629 0.041410
 47.400000 -1.629921 0.003793
 47.600000 -1.404408 -0.050726
 47.800000 -1.123799 -0.393091
 48.000000 -1.300652 -0.584215
 48.200000 -1.737828 -0.224184
 48.400000 -1.719000 0.129967
 48.600000 -2.452456 0.422480
 48.800000 -2.670541 0.221924
 49.000000 -1.873524 -0.597464
 49.200000 -1.775137 -0.206930
 49.400000 -2.339352 0.100749
 49.600000 -2.067088 0.322023
 49.800000 -1.985957 0.052475
 50.000000 -2.408674 0.406803
 50.200000 -2.053562 0.065825
 50.400000 -1.945982 -0.252663
 50.600000 -1.313082 -0.529182
 50.800000 -1.439805 -0.258814
 51.000000 -1.689752 -0.439948
 51.200000 -2.195542 -0.228562
 51.400000 -2.050571 -0.440211
 51.600000 -1.775505 -0.691237
 51.800000 -1.556170 -0.614940
 52.000000 -1.127341 -0.025234
 52.200000 -1.365765 -0.088723
 52.400000 -1.598043 -0.213661
 52.600000 -2.079799 -0.259825
 52.800000 -1.705448 0.376829
 53.000000 -1.955620 0.314848
 53.200000 -2.154801 -0.370434
 53.400000 -2.292176 -0.266498
 53.600000 -2.191983 -0.267191
 53.800000 -1.782908 -0.753115
 54.000000 -1.732780 -0.270802
 54.200000 -1.562429 -0.507960
 54.400000 -1.129502 -0.274494
 54.600000 -1.565178 -0.201527
 54.800000 -1.535900 -0.327665
 55.000000 -1.708656 0.114034
 55.200000 -1.664519 -0.067259
 55.400000 -1.195700 -0.370584
 55.600000 -1.823380 0.089476
 55.800000 -1.250143 -0.409166
 56.000000 -1.478180 -0.116435
 56.200000 -1.565815 -0.333721
 56.400000 -1.410145 -0.627527
 56.600000 -1.109464 -0.253099
 56.800000 -1.437043 -0.557530
 57.000000 -1.368226 -0.738584
 57.200000 -1.301853 -0.581661
 57.400000 -1.357166 -0.658469
 57.600000 -1.695666 -0.702263
 57.800000 -1.477503 -0.380001
 58.000000 -1.610233 -0.161838
 58.200000 -1.792162 0.262173
 58.400000 -1.867110 0.250390
 58.600000 -1.043592 -0.366690
 58.800000 -1.247089 0.125710
 59.000000 -0.955342 -0.534288
 59.200000 -1.433536 -0.300126
 59.400000 -1.098186 -0.332406
 59.600000 -1.178855 -0.330099
 59.800000 -0.742759 -0.520117
 60.000000 -1.167307 -0.517076
 60.200000 -1.263477 -0.460703
 60.400000 -1.224367 -0.522365
 60.600000 -1.430472 -0.282121
 60.800000 -1.313761 -0.007247
 61.000000 -1.632087 0.408768
 61.200000 -1.428157 0.094970
 61.400000 -1.712647 -0.331502
 61.600000 -1.885568 -0.101107
 61.800000 -1.201045 -0.136754
 62.000000 -1.522340 0.572540
 62.200000 -0.969312 -0.667172
 62.400000 -1.608206 -0.417391
 62.600000 -1.461082 -0.519377
 62.800000 -1.314636 -0.496949
 63.000000 -1.051013 -0.644310
 63.200000 -0.952969 -0.895257
 63.400000 -1.044506 -0.521915
 63.600000 -1.152408 -0.263474
 63.800000 -1.394729 -0.335712
 64.000000 -1.678550 0.177849
 64.200000 -0.995172 -0.206594
 64.400000 -1.254208 -0.164654
 64.600000 -1.222713 -0.448038
 64.800000 -1.322577 -0.063824
 65.000000 -1.041119 -0.680066
 65.200000 -1.443654 -0.378752
 65.400000 -1.068439 -0.593870
 65.600000 -1.222575 -0.180865
 65.800000 -1.184407 -0.715224
 66.000000 -2.277313 -0.519896
 66.200000 -2.054545 -0.413005
 66.400000 -2.238098 -0.242336
 66.600000 -1.660783 -1.105445
 66.800000 -1.788632 -0.396374
 67.000000 -1.673358 -0.700727
 67.200000 -1.254490 -0.779412
 67.400000 -1.808964 -0.651904
 67.600000 -1.432702 -0.330620
 67.800000 -1.070123 -0.856784
 68.000000 -0.884286 -0.975904
 68.200000 -1.309691 -0.467962
 68.400000 -1.527774 -0.591746
 68.600000 -1.902716 -0.731292
 68.800000 -2.045623 -0.819412
 69.000000 -2.295165 -0.136246
 69.200000 -2.073659 -0.035261
 69.400000 -1.783305 0.072514
 69.600000 -1.764261 -0.208659
 69.800000 -1.466992 -0.459903
 70.000000 -1.487590 -0.287559
 70.200000 -1.832873 -0.569432
 70.400000 -1.905624 -0.767780
 70.600000 -1.158399 -0.512214
 70.800000 -1.010343 -0.705072
 71.000000 -1.144049 -0.887176
 71.200000 -1.333377 -0.967916
 71.400000 -1.728850 -0.607513
 71.600000 -1.959044 -0.271350
 71.800000 -1.555645 -0.387552
 72.000000 -1.408257 -0.593115
 72.200000 -1.223443 0.096410
 72.400000 -0.768266 -0.641257
 72.600000 -1.048337 -0.584747
 72.800000 -0.503267 -0.952948
 73.000000 -0.729043 -0.733753
 73.200000 -1.286708 -0.300159
 73.400000 -1.249543 -0.677750
 73.600000 -1.483434 -0.493912
 73.800000 -1.370426 -0.396277
 74.000000 -0.853206 -0.772917
 74.200000 -1.131532 -0.175844
 74.400000 -0.668811 -0.882960
 74.600000 -1.236832 -0.721796
 74.800000 -1.547031 -0.342427
 75.000000 -1.462716 -0.299134
 75.200000 -1.414504 0.176514
 75.400000 -1.650786 0.630916
 75.600000 -2.146462 0.352370
 75.800000 -2.615017 0.326924
 76.000000 -2.823860 0.868955
 76.200000 -2.529866 0.876612
 76.400000 -2.497214 1.061838
 76.600000 -2.903724 0.799182
 76.800000 -2.290334 0.612924
 77.000000 -2.239930 0.579571
 77.200000 -2.596614 0.614717
 77.400000 -2.458293 -0.022358
 77.600000 -2.288493 -0.088683
 77.800000 -1.806411 -0.139149
 78.000000 -2.249402 0.367959
 78.200000 -2.062222 -0.474986
 78.400000 -1.780926 -0.260300
 78.600000 -1.654678 -0.306545
 78.800000 -2.301602 -0.722791
 79.000000 -2.822905 -0.585787
 79.200000 -2.504698 -0.901539
 79.400000 -2.738007 -0.842327
 79.600000 -2.929953 -0.787730
 79.800000 -2.266138 -0.838259
 80.000000 -2.476613 -0.624774
 80.200000 -2.148300 -0.527517
 80.400000 -2.232320 -0.461003
 80.600000 -1.585509 -0.677882
 80.800000 -1.001348 -1.086174
 81.000000 -0.990337 -0.774374
 81.200000 -1.004766 -0.328146
 81.400000 -1.016632 -0.981558
 81.600000 -1.223676 -0.696645
 81.800000 -1.599402 -0.714155
 82.000000 -1.953442 -0.840946
 82.200000 -2.049682 -0.249735
 82.400000 -2.399171 -0.425947
 82.600000 -2.664912 -0.480294
 82.800000 -2.567553 -0.736330
 83.000000 -2.421792 -0.675476
 83.200000 -2.677069 -0.286404
 83.400000 -2.014147 -0.212971
 83.600000 -2.184035 -0.181464
 83.800000 -2.358934 -0.322657
 84.000000 -2.360165 -0.266728
 84.200000 -2.539925 -0.093022
 84.400000 -2.562406 0.039941
 84.600000 -2.649371 0.072176
 84.800000 -2.579557 -0.046172
 85.000000 -2.576679 0.505954
 85.200000 -2.112493 -0.060486
 85.400000 -2.484090 0.025581
 85.600000 -2.611311 0.442105
 85.800000 -2.371173 0.420734
 86.000000 -2.283074 0.243507
 86.200000 -1.859739 0.341120
 86.400000 -2.032034 0.489454
 86.600000 -2.210796 -0.125167
 86.800000 -2.190780 -0.050534
 87.000000 -1.752128 -0.217726
 87.200000 -1.616315 -0.711568
 87.400000 -2.001715 -0.290410
 87.600000 -2.031330 0.028781
 87.800000 -2.502169 0.056983
 88.000000 -2.273016 -0.192772
 88.200000 -2.855670 -0.436373
 88.400000 -2.258201 -0.639019
 88.600000 -2.081243 -0.233573
 88.800000 -2.108841 -0.066584
 89.000000 -1.982294 -0.168577
 89.200000 -1.819542 0.918838
 89.400000 -1.255368 -0.360420
 89.600000 -1.939797 -0.571088
 89.800000 -1.640295 -0.923455
 90.000000 -1.635102 -0.517766
 90.200000 -1.117915 -0.365254
 90.400000 -1.401065 -0.837791
 90.600000 -1.128462 -0.701253
 90.800000 -1.032847 -0.366203
 91.000000 -0.975663 -0.329519
 91.200000 -1.184313 -0.448167
 91.400000 -1.637344 0.314907
 91.600000 -2.013128 0.608789
 91.800000 -2.359864 0.664983
 92.000000 -2.247796 1.209485
 92.200000 -2.322320 1.405128
 92.400000 -2.348233 0.957397
 92.600000 -2.849138 1.185964
 92.800000 -2.184439 1.755562
 93.000000 -2.481735 1.406218
 93.200000 -2.918762 1.216077
 93.400000 -2.230635 1.848320
 93.600000 -2.855698 1.704781
 93.800000 -2.626046 1.997482
 94.000000 -2.424176 2.248203
 94.200000 -2.601936 1.925644
 94.400000 -2.470209 1.716920
 94.600000 -2.254129 1.555043
 94.800000 -2.921325 1.956404
 95.000000 -2.731659 2.671187
 95.200000 -2.956398 2.492894
 95.400000 -2.258882 2.810999
 95.600000 -2.133104 2.402254
 95.800000 -2.498852 2.289882
 96.000000 -2.496898 2.763173
 96.200000 -2.613865 2.860578
 96.400000 -2.768216 2.715844
 96.600000 -2.477630 2.570683
 96.800000 -2.771818 2.873670
 97.000000 -2.498021 -3.075879
 97.200000 -2.673364 2.581097
 97.400000 -2.930318 2.566979
 97.600000 -2.126625 2.863666
 97.800000 -1.829525 2.652451
 98.000000 -2.208598 2.554175
 98.200000 -2.111954 2.694562
 98.400000 -2.689314 2.855771
 98.600000 -2.843745 2.713950
 98.800000 -2.560234 2.937597
 99.000000 -2.790188 2.849743
 99.200000 -2.857638 2.759389
 99.400000 -2.583655 2.821510
 99.600000 -2.378441 2.456342
 99.800000 -2.837041 2.185350
 100.000000 -2.596946 2.734005
