#! FIELDS time phi psi sigma_phi sigma_psi height biasf
#! SET multivariate false
#! SET kerneltype stretched-gaussian
#! SET min_phi -pi
#! SET max_phi pi
#! SET min_psi -pi
#! SET max_psi pi
                      1    -0.8639468479999133    -0.5025945562021508                    0.2                    0.2     0.5102040816326531                     50
                      2     -1.126020338002353   0.008824568773977859                    0.2                    0.2     0.5101744158427677                     50
                      3     -1.686880240499959  -0.006152889409326789                    0.2                    0.2     0.5101672415370799                     50
                      4     -1.881206838835289   -0.05381418138951721                    0.2                    0.2     0.5089419247354493                     50
                      5     -1.377940184273525   -0.02801544005856549                    0.2                    0.2     0.5085705447464622                     50
                      6     -1.306271345876859     0.3473066643419838                    0.2                    0.2     0.5094757762378319                     50
                      7     -1.389937216690224    -0.4485079941473322                    0.2                    0.2      0.509793870155876                     50
                      8     -1.619184522628282   -0.08498463116565125                    0.2                    0.2     0.5062194827420201                     50
                      9      -1.84156037711995    -0.5417760270180381                    0.2                    0.2     0.5098430752671601                     50
                     10     -1.840227180690539    -0.1525138118864588                    0.2                    0.2     0.5056946161632341                     50
                     11     -1.570586257484577    -0.2369679991937801                    0.2                    0.2     0.5047679048083458                     50
                     12     -1.577716290197005      0.718541617797718                    0.2                    0.2     0.5100596671887453                     50
                     13     -2.061308352047921     0.7340336667832066                    0.2                    0.2     0.5100960774948592                     50
                     14     -2.272765838441714     0.2237255609895925                    0.2                    0.2     0.5100080579617353                     50
                     15     -1.669406967942128     0.5721990808596313                    0.2                    0.2     0.5083027326571957                     50
                     16     -1.467011357279244     0.9000216708883197                    0.2                    0.2     0.5086572326885438                     50
                     17    -0.8524881342419732    0.08458785223839449                    0.2                    0.2     0.5093054591312264                     50
                     18     -1.458722785524907     0.5251337873964221                    0.2                    0.2     0.5064618949196563                     50
                     19     -2.050591739327182     0.4497725319824628                    0.2                    0.2     0.5084211133724098                     50
                     20     -1.805588248076922   -0.08909571269941274                    0.2                    0.2     0.5022269678650643                     50
                     21      -1.09106923174054    -0.5773471320337697                    0.2                    0.2     0.5085745660027499                     50
                     22      -1.46075723325291    -0.4388319643338159                    0.2                    0.2     0.5056669073245842                     50
                     23     -1.638736548798116    -0.1838083367459076                    0.2                    0.2     0.4999363995209699                     50
                     24     -1.493794210592142    -0.5683073191224022                    0.2                    0.2     0.5053502979904032                     50
                     25     -1.274434511183565    -0.2143473072402702                    0.2                    0.2     0.5042535995531717                     50
                     26    -0.9550336781145909    -0.5889532082246789                    0.2                    0.2     0.5064857294634404                     50
                     27     -1.224557585870407    -0.3748200879958898                    0.2                    0.2     0.5028286766379628                     50
                     28     -2.023164677101558    0.02278684350179994                    0.2                    0.2     0.5050360725741633                     50
                     29     -1.824501121051674     0.6181831592700906                    0.2                    0.2     0.5056626070474769                     50
                     30     -1.353320025271151     0.2897179450681699                    0.2                    0.2     0.5054747685082743                     50
                     31    -0.9364753922908879    -0.6041003504693991                    0.2                    0.2     0.5042860611299773                     50
                     32     -1.915541538263515   -0.03760159402312402                    0.2                    0.2     0.5001618542079014                     50
                     33     -2.299763901207967    -0.2178912228959926                    0.2                    0.2     0.5090117349758501                     50
                     34     -2.660464996913299    -0.4952149368605805                    0.2                    0.2     0.5100512497841071                     50
                     35     -2.465685566963483    0.05907060231260086                    0.2                    0.2     0.5084190028497813                     50
                     36     -1.948878810769459    -0.3935748476511054                    0.2                    0.2     0.5049782775570703                     50
                     37     -1.357581327300325   -0.01475079945054114                    0.2                    0.2     0.5012488104880767                     50
                     38     -1.495113234274326    -0.1046149741226046                    0.2                    0.2     0.4966950650399451                     50
                     39     -1.427898409854684     0.9015136397579369                    0.2                    0.2     0.5063864374742914                     50
                     40     -2.353631177508743      0.334390157275922                    0.2                    0.2     0.5069715416426626                     50
                     41     -2.353876020779323     0.0995555840897735                    0.2                    0.2     0.5043738827411759                     50
                     42     -1.353927334978217    0.01242346770051128                    0.2                    0.2     0.4983118654450216                     50
                     43     -1.310158814241146     0.4073260453259167                    0.2                    0.2     0.5034879876071129                     50
                     44     -1.231146112545863     0.9550607448617612                    0.2                    0.2     0.5075647132142239                     50
                     45      -1.40685240081536    0.09099932589575754                    0.2                    0.2     0.4969960215092723                     50
                     46     -1.375329503139249      -0.67964386949278                    0.2                    0.2     0.5047901765917273                     50
                     47     -1.167520045306917     0.2116099122297266                    0.2                    0.2     0.5014485281544701                     50
                     48     -1.300651904389655    -0.5842150801272679                    0.2                    0.2     0.5004587028480711                     50
                     49     -1.873524277365052    -0.5974637516731525                    0.2                    0.2     0.5057326267768376                     50
                     50     -2.408673739208266     0.4068029362325731                    0.2                    0.2     0.5056247522359282                     50
                     51     -1.689752145377218    -0.4399484018922073                    0.2                    0.2      0.499243697461219                     50
                     52     -1.127340630037905   -0.02523351547595443                    0.2                    0.2     0.4998482558834617                     50
                     53      -1.95562032734631     0.3148484667265183                    0.2                    0.2     0.5043280747694459                     50
                     54     -1.732779931890807    -0.2708023144510503                    0.2                    0.2     0.4944076953707945                     50
                     55     -1.708656095066976     0.1140339327649498                    0.2                    0.2     0.4977549174113177                     50
                     56     -1.478180323704473    -0.1164350134753134                    0.2                    0.2      0.490280211651897                     50
                     57     -1.368225626492486    -0.7385843174850919                    0.2                    0.2      0.502620075794922                     50
                     58     -1.610232624417486    -0.1618382889466599                    0.2                    0.2     0.4882179089007564                     50
                     59    -0.9553416730828355    -0.5342882370107254                    0.2                    0.2     0.5009617473982602                     50
                     60     -1.167307431256134    -0.5170755991258034                    0.2                    0.2     0.4965607921944384                     50
                     61     -1.632087378990916     0.4087684900147961                    0.2                    0.2     0.5015951956097668                     50
                     62     -1.522339610442624     0.5725403101575761                    0.2                    0.2     0.4997771255383876                     50
                     63     -1.051012948051971    -0.6443098266137808                    0.2                    0.2     0.4976515930405255                     50
                     64      -1.67854953975721     0.1778491113764122                    0.2                    0.2     0.4958894601688771                     50
                     65     -1.041119282619576    -0.6800663214114731                    0.2                    0.2     0.4968966166069723                     50
                     66     -2.277312854353892    -0.5198960122938505                    0.2                    0.2     0.5081890764210039                     50
                     67     -1.673357543701877    -0.7007266147198146                    0.2                    0.2      0.502778871708863                     50
                     68    -0.8842864893501168    -0.9759043931106079                    0.2                    0.2     0.5080905148870974                     50
                     69     -2.295164828311692    -0.1362457311777416                    0.2                    0.2     0.5037910555749456                     50
                     70     -1.487590119263889    -0.2875586107843011                    0.2                    0.2      0.488897993293936                     50
                     71     -1.144049438224334    -0.8871758773388314                    0.2                    0.2     0.5030298630147995                     50
                     72     -1.408257197039958    -0.5931154856281862                    0.2                    0.2     0.4930929028528028                     50
                     73    -0.7290434982505141    -0.7337527387024063                    0.2                    0.2     0.5044817688260291                     50
                     74    -0.8532056574759461    -0.7729169667911364                    0.2                    0.2     0.4992029289940102                     50
                     75     -1.462715717723436    -0.2991335227238796                    0.2                    0.2     0.4868859570388299                     50
                     76     -2.823859941974951     0.8689553967489303                    0.2                    0.2     0.5101914404824901                     50
                     77     -2.239929513331703     0.5795708600797189                    0.2                    0.2      0.505131140671107                     50
                     78     -2.249402154042354     0.3679589763051911                    0.2                    0.2     0.5004756532926332                     50
                     79     -2.822904642284938      -0.58578699601691                    0.2                    0.2     0.5087999482224653                     50
                     80     -2.476613322801769    -0.6247743740486791                    0.2                    0.2     0.5072556647944352                     50
                     81    -0.9903372883673773    -0.7743742038525161                    0.2                    0.2     0.4947019630868714                     50
                     82       -1.9534415139332    -0.8409458952958557                    0.2                    0.2     0.5075211607286811                     50
                     83     -2.421792405274526    -0.6754756189233238                    0.2                    0.2     0.5058198534464521                     50
                     84     -2.360165285865584    -0.2667279454976756                    0.2                    0.2       0.50327172985879                     50
                     85      -2.57667868511487     0.5059542218839264                    0.2                    0.2     0.5064762381980508                     50
                     86     -2.283074443066474     0.2435066724518382                    0.2                    0.2     0.4979280544664255                     50
                     87     -1.752128250882027    -0.2177261695436261                    0.2                    0.2     0.4874256130993524                     50
                     88     -2.273016465228111    -0.1927718014907285                    0.2                    0.2     0.4999813226793247                     50
                     89     -1.982294330429534    -0.1685768361794677                    0.2                    0.2     0.4939831476186092                     50
                     90     -1.635101555677491    -0.5177663332908682                    0.2                    0.2     0.4918278422742122                     50
                     91    -0.9756626622269033    -0.3295193742460256                    0.2                    0.2     0.4993127093130537                     50
                     92     -2.247796063919843      1.209485047295997                    0.2                    0.2     0.5101136681130248                     50
                     93     -2.481735096451254      1.406217880610582                    0.2                    0.2     0.5095491509467805                     50
                     94     -2.424176417522134      2.248202586803778                    0.2                    0.2     0.5102040816326531                     50
                     95     -2.731658806701956      2.671186515418294                    0.2                    0.2     0.5101395944156061                     50
                     96     -2.496897926510595      2.763172855223125                    0.2                    0.2     0.5091974765086459                     50
                     97     -2.498020960845019     -3.075878512055599                    0.2                    0.2     0.5100058027483676                     50
                     98      -2.20859763986591      2.554174514004117                    0.2                    0.2     0.5093684830945155                     50
                     99     -2.790188492425977       2.84974258382659                    0.2                    0.2     0.5080754607730148                     50
                    100     -2.596946421521908      2.734005261136827                    0.2                    0.2     0.5053392467349302                     50
